lo_b: 0.7161461114883423
lo_v: 0.16113880276679993
sr_b_max: 0.8028179407119751
sr_b_mean: 0.5111187840501468
sr_v_max: 0.1073700562119484
sr_v_mean: 0.07808366417884827
