label_octomap: 0.053132832080200414
viewpoint_0: 0.03408521303258141
viewpoint_1: 0.04711779448621547
viewpoint_2: 0.07117794486215526
