lo_b: 0.5249192714691162
lo_v: 0.17774872481822968
sr_b_max: 0.6678252816200256
sr_b_mean: 0.4271854417664664
sr_v_max: 0.12563025951385498
sr_v_mean: 0.09435902548761203
