lo_b: 0.630630612373352
lo_v: 0.1416464000940323
sr_b_max: 0.7678731679916382
sr_b_mean: 0.3851799819579658
sr_v_max: 0.10861829668283463
sr_v_mean: 0.045876403075332445
