label_octomap: 0.07769703745108984
viewpoint_0: 0.05061179087875409
viewpoint_1: 0.04066852367688017
viewpoint_2: 0.03826955074875203
