lo_b: 0.5527523159980774
lo_v: 0.07095151394605637
sr_b_max: 0.40836217999458313
sr_b_mean: 0.09636357313554202
sr_v_max: 0.03922886773943901
sr_v_mean: 0.0316278735574867
