label_octomap: 0.0757575757575756
viewpoint_0: 0.041821069348861775
viewpoint_1: 0.042410714285714225
viewpoint_2: 0.040713887339654156
