lo_b: 0.5167238116264343
lo_v: 0.2136000692844391
sr_b_max: 0.42599254846572876
sr_b_mean: 0.2844567187130451
sr_v_max: 0.14213907718658447
sr_v_mean: 0.1226048751601151
