label_octomap: 0.17656765676567626
viewpoint_0: 0.12887438825448597
viewpoint_1: 0.10378912685337717
viewpoint_2: 0.11513157894736827
