label_octomap: 0.17166666666666638
viewpoint_0: 0.08291873963515749
viewpoint_1: 0.08623548922056379
viewpoint_2: 0.10517799352750798
