lo_b: 0.33629468083381653
lo_v: 0.16410309076309204
sr_b_max: 0.4331243634223938
sr_b_mean: 0.25025989127655823
sr_v_max: 0.16677184402942657
sr_v_mean: 0.10194300780228029
