label_octomap: 0.060952380952380966
viewpoint_0: 0.007619047619047619
viewpoint_1: 0.02095238095238096
viewpoint_2: 0.05142857142857145
