lo_b: 0.6237221956253052
lo_v: 0.12411952018737793
sr_b_max: 0.7492571473121643
sr_b_mean: 0.3136625731984774
sr_v_max: 0.08776390552520752
sr_v_mean: 0.05540803900609414
