lo_b: 0.3692784607410431
lo_v: 0.13534487783908844
sr_b_max: 0.5340079069137573
sr_b_mean: 0.3550136664818073
sr_v_max: 0.06832339614629745
sr_v_mean: 0.05924339785144247
