label_octomap: 0.10279870828848202
viewpoint_0: 0.041304347826086905
viewpoint_1: 0.035848047084002105
viewpoint_2: 0
