label_octomap: 0.06500000000000059
viewpoint_0: 0.032121212121212044
viewpoint_1: 0.02999999999999993
viewpoint_2: 0.031486527399333865
