lo_b: 0.43646034598350525
lo_v: 0.07340027391910553
sr_b_max: 0.42167189717292786
sr_b_mean: 0.3078852465440487
sr_v_max: 0.04412408918142319
sr_v_mean: 0.038043055426457834
