lo_b: 0.36312776803970337
lo_v: 0.11617300659418106
sr_b_max: 0.37210148572921753
sr_b_mean: 0.2594493359327316
sr_v_max: 0.08467800170183182
sr_v_mean: 0.0708211250603199
