label_octomap: 0.05731422859046972
viewpoint_0: 0
viewpoint_1: 0.06777408637873739
viewpoint_2: 0.06026490066225152
