lo_b: 0.6042464971542358
lo_v: 0.12994056940078735
sr_b_max: 0.6020342707633972
sr_b_mean: 0.3059629244108995
sr_v_max: 0.07930299639701843
sr_v_mean: 0.05350905327747266
