label_octomap: 0.0964912280701752
viewpoint_0: 0.026282853566958666
viewpoint_1: 0.06516290726817028
viewpoint_2: 0.08855472013366729
