label_octomap: 0.0855592654424038
viewpoint_0: 0.026677782409337193
viewpoint_1: 0.05179615705931485
viewpoint_2: 0.06599832915622375
