lo_b: 0.18233658373355865
lo_v: 0.0365162268280983
sr_b_max: 0.19633513689041138
sr_b_mean: 0.07128446620336035
sr_v_max: 0.025912927463650703
sr_v_mean: 0.014493307176356515
