lo_b: 0.1516444832086563
lo_v: 0.03783995285630226
sr_b_max: 0.14677201211452484
sr_b_mean: 0.10239264406263829
sr_v_max: 0.02085176669061184
sr_v_mean: 0.015778113606161083
