lo_b: 0.3367350101470947
lo_v: 0.0928281918168068
sr_b_max: 0.42946094274520874
sr_b_mean: 0.19231735606645717
sr_v_max: 0.05245295912027359
sr_v_mean: 0.04399538631069249
