label_octomap: 0.05430029154518937
viewpoint_0: 0.04118075801749262
viewpoint_1: 0.051384839650145654
viewpoint_2: 0.03607871720116611
