lo_b: 0.6434193253517151
lo_v: 0.09952294081449509
sr_b_max: 0.6443644762039185
sr_b_mean: 0.37903205587946137
sr_v_max: 0.052831705659627914
sr_v_mean: 0.04531053543489959
