label_octomap: 0.06059405940594047
viewpoint_0: 0.00989707046714173
viewpoint_1: 0.03475513428120058
viewpoint_2: 0.05612648221343862
