label_octomap: 0.24859287054408996
viewpoint_0: 0.04018691588785044
viewpoint_1: 0.1819870009285047
viewpoint_2: 0
