lo_b: 0.7066647410392761
lo_v: 0.3142591714859009
sr_b_max: 0.7348805069923401
sr_b_mean: 0.6053073807009335
sr_v_max: 0.19918027520179749
sr_v_mean: 0.16471743534008662
