lo_b: 0.0
lo_v: 0.005917160306125879
sr_b_max: 0.0937904492020607
sr_b_mean: 0.02229918579437903
sr_v_max: 0.04442374408245087
sr_v_mean: 0.011427909742841231
