lo_b: 0.5279682874679565
lo_v: 0.1160774752497673
sr_b_max: 0.5340451002120972
sr_b_mean: 0.36993754307428994
sr_v_max: 0.15420879423618317
sr_v_mean: 0.09319157327214876
