lo_b: 0.3714282214641571
lo_v: 0.10793465375900269
sr_b_max: 0.43860357999801636
sr_b_mean: 0.12112035638382358
sr_v_max: 0.10861865431070328
sr_v_mean: 0.04690032416293698
