label_octomap: 0.022962962962962977
viewpoint_0: 0
viewpoint_1: 0.011111111111111118
viewpoint_2: 0.028148148148148148
