lo_b: 0.22090686857700348
lo_v: 0.0916256234049797
sr_b_max: 0.20337052643299103
sr_b_mean: 0.13227487617620715
sr_v_max: 0.053254444152116776
sr_v_mean: 0.04119526443106157
