lo_b: 0.20343521237373352
lo_v: 0.17059847712516785
sr_b_max: 0.36679381132125854
sr_b_mean: 0.2176726712235089
sr_v_max: 0.1332194060087204
sr_v_mean: 0.11151456627352484
