label_octomap: 0.023171285779191256
viewpoint_0: 0.004545454545454547
viewpoint_1: 0.010909090909090913
viewpoint_2: 0.022161917684305726
