label_octomap: 0.01242937853107345
viewpoint_0: 0.011758118701007843
viewpoint_1: 0.020145495243424735
viewpoint_2: 0.022765130483064954
