label_octomap: 0.007237635705669484
viewpoint_0: 0.038968824940047914
viewpoint_1: 0.049552238805970074
viewpoint_2: 0.036309523809523764
