lo_b: 0.5002215504646301
lo_v: 0.15943630039691925
sr_b_max: 0.5378687381744385
sr_b_mean: 0.48569461908833733
sr_v_max: 0.10047975182533264
sr_v_mean: 0.08682008498701556
