lo_b: 0.0
lo_v: 0.0002491441264282912
sr_b_max: 0.0
sr_b_mean: 0.0
sr_v_max: 0.0009713727049529552
sr_v_mean: 7.70417337056036e-05
