lo_b: 0.0
lo_v: 0.0
sr_b_max: 0.0
sr_b_mean: 0.0
sr_v_max: 0.0018687717383727431
sr_v_mean: 0.0001549140470160637
