lo_b: 0.6502907276153564
lo_v: 0.19248633086681366
sr_b_max: 0.6587848663330078
sr_b_mean: 0.6183154075234024
sr_v_max: 0.12528997659683228
sr_v_mean: 0.11200478203870633
