label_octomap: 0.18951132300357773
viewpoint_0: 0.13737133808392793
viewpoint_1: 0.14257268020708969
viewpoint_2: 0.17469160366096464
