label_octomap: 0.09259259259259245
viewpoint_0: 0.0
viewpoint_1: 0.07674144037780392
viewpoint_2: 0.05581395348837205
