lo_b: 0.6239054799079895
lo_v: 0.157387837767601
sr_b_max: 0.5843325853347778
sr_b_mean: 0.32650091250737506
sr_v_max: 0.12535706162452698
sr_v_mean: 0.06622952499216603
