lo_b: 0.16693277657032013
lo_v: 0.05499108508229256
sr_b_max: 0.16364093124866486
sr_b_mean: 0.10147205980554704
sr_v_max: 0.05622543394565582
sr_v_mean: 0.03720788622740656
