label_octomap: 0.18021201413427526
viewpoint_0: 0.08749999999999993
viewpoint_1: 0.13392857142857123
viewpoint_2: 0.19190140845070386
