lo_b: 0.31070205569267273
lo_v: 0.20073552429676056
sr_b_max: 0.35297226905822754
sr_b_mean: 0.29820210717875384
sr_v_max: 0.17900750041007996
sr_v_mean: 0.16180174772081704
