label_octomap: 0.0
viewpoint_0: 0.010101010101010105
viewpoint_1: 0.005439005439005441
viewpoint_2: 0.0015540015540015542
