lo_b: 0.5864099860191345
lo_v: 0.3699355125427246
sr_b_max: 0.8514676690101624
sr_b_mean: 0.6922951000077384
sr_v_max: 0.23997600376605988
sr_v_mean: 0.2106891322348799
