lo_b: 0.5740658044815063
lo_v: 0.12187202274799347
sr_b_max: 0.5859982967376709
sr_b_mean: 0.40670766705466854
sr_v_max: 0.0815080776810646
sr_v_mean: 0.05810886224912059
