lo_b: 0.5240358710289001
lo_v: 0.3332129418849945
sr_b_max: 0.6401600241661072
sr_b_mean: 0.39530786150886166
sr_v_max: 0.227027028799057
sr_v_mean: 0.17525582255855685
