label_octomap: 0.0746666666666665
viewpoint_0: 0
viewpoint_1: 0
viewpoint_2: 0.09727418492784586
