label_octomap: 0.318670
viewpoint_0: 0.109306
viewpoint_1: 0.209575
viewpoint_2: 0.227027
