label_octomap: 0.01602564102564103
viewpoint_0: 0
viewpoint_1: 0
viewpoint_2: 0.010649627263045797
