lo_b: 0.04999999701976776
lo_v: 0.01813133805990219
sr_b_max: 0.012173843570053577
sr_b_mean: 0.0020822415594011546
sr_v_max: 0.009544786997139454
sr_v_mean: 0.002189847904567917
