label_octomap: 0.019480519480519473
viewpoint_0: 0
viewpoint_1: 0
viewpoint_2: 0.02347652347652346
