lo_b: 0.3333336114883423
lo_v: 0.05385064333677292
sr_b_max: 0.3317062556743622
sr_b_mean: 0.13384103288333263
sr_v_max: 0.04912649467587471
sr_v_mean: 0.020959200037102544
