lo_b: 0.0
lo_v: 0.0005128204938955605
sr_b_max: 0.0021948800422251225
sr_b_mean: 0.00011600510557540334
sr_v_max: 0.0035897435154765844
sr_v_mean: 0.0007495068891260487
