label_octomap: 0.0013675213675213677
viewpoint_0: 0
viewpoint_1: 0.005470085470085472
viewpoint_2: 0.0037606837606837624
