lo_b: 0.5666835904121399
lo_v: 0.3278217911720276
sr_b_max: 0.5914344787597656
sr_b_mean: 0.5319858620564143
sr_v_max: 0.14022648334503174
sr_v_mean: 0.11144582281510035
