label_octomap: 0.0878048780487805
viewpoint_0: 0
viewpoint_1: 0.08333333333333336
viewpoint_2: 0.1207729468599033
