label_octomap: 0.10353535353535351
viewpoint_0: 0.0
viewpoint_1: 0.06818181818181822
viewpoint_2: 0.18499999999999978
