lo_b: 0.5757847428321838
lo_v: 0.18282675743103027
sr_b_max: 0.40994539856910706
sr_b_mean: 0.1383502749460084
sr_v_max: 0.18303705751895905
sr_v_mean: 0.06761662716910775
