lo_b: 0.5178495049476624
lo_v: 0.10609748959541321
sr_b_max: 0.5409785509109497
sr_b_mean: 0.27667332748914586
sr_v_max: 0.05577506124973297
sr_v_mean: 0.03496341619255214
