lo_b: 0.08505561202764511
lo_v: 0.048305969685316086
sr_b_max: 0.03131610527634621
sr_b_mean: 0.011254466736914012
sr_v_max: 0.024013914167881012
sr_v_mean: 0.011609208754039016
